100
1
19
23
99
9999
10999
999998
110
2100
990000
30
10001
1998
1099
900001
10000
21
989999
900
654321
2201
29
19
9
11100
999001
11000
20
999000
998999
999
31
123456
999999
77
64
543210
999989
990001
100000
524288
11011
10111
2001
10
32
111
101000
11010
900000
199
101001
901
999901
91
999900
90
10011
1001
99001
100
1999
12
1100
2002
2200
11
65536
10101
1111
1101
899999
101
10010
128
432109
201
11110
10100
11101
1000
2101
12000
200
999990
8192
22
11111
901234
1110
1000000
999899
999991
11001
102
100001
12001
10110
2000
99000
