1000
4 3 12
1 235 146
22 112 1385
1604 5 6109
1 8161 4793
2 2501 2611
4 532 160
2221 2 1525
3 5 9
3 1401 2964
71 27 1375
402 11 3943
90 54 2525
11 905 9059
4 24 10
5 1433 4874
4 268 862
3 2917 3882
5 1555 4096
6 1382 5975
137 45 5612
1843 2 3372
241 5 1096
103 67 5047
1175 7 1170
50 107 3498
1579 5 2045
5 389 1634
3 641 1537
109 15 1275
1457 2 2426
2131 4 5980
785 8 6085
584 4 1585
3 5 8
4 360 1202
3 5 7
37 59 1341
100 100 5000
4453 2 2435
107 29 1874
23 291 5170
17 335 5351
3 1842 4230
3 2427 5505
809 9 6141
649 2 1000
3 1489 4192
3076 1 1242
2217 3 5083
8 436 2027
5 206 625
979 7 4545
3 1788 3809
3 2011 4209
2 1347 1210
17 128 1083
1 3140 1893
4007 2 6610
1209 7 6970
7 484 2876
877 7 936
47 115 2798
31 308 2240
1 9999 4998
35 17 450
13 95 673
100 100 1
971 8 7243
4 2133 8499
313 23 1248
66 40 2189
23 211 3340
4453 2 8089
9999 1 9999
1438 5 6065
4 398 1324
256 13 2233
20 355 5836
5 1753 5023
2 512 785
27 73 1825
2 1274 150
1303 4 4813
478 14 5068
1 9999 9999
2850 3 3436
22 295 5056
911 6 826
7 809 4816
696 3 1653
8 1054 4386
116 57 5290
2061 4 6213
23 229 3894
3313 3 4994
7 797 4710
223 9 1351
313 17 5018
1657 2 3271
4 1073 3756
61 139 7642
173 41 5561
6 5 15
9 194 1166
2 4033 6380
959 7 765
5 227 922
1103 9 7393
154 22 1023
4 2213 4652
474 6 545
1955 5 7668
538 13 3659
33 14 361
74 95 5552
16 310 1255
733 7 3799
53 124 5262
173 12 1824
52 181 1967
5 1307 5183
6 997 1472
23 286 5990
1795 5 7741
146 4 300
5 3 3
2 1489 506
3374 1 2128
5 683 3254
6 1147 4740
394 17 3734
11 37 244
3 1601 3961
5 837 3339
131 52 5865
10 498 1078
3 358 871
19 178 1935
29 249 6050
5 541 1371
2 44 11
85 46 1262
57 163 8750
2 1274 2500
3 1123 3244
1250 5 4534
1262 7 6143
43 2 42
69 78 4092
9 627 3532
27 28 633
11 721 5214
9 1041 7796
3158 3 8683
37 197 3281
341 23 7035
2 3624 4726
11 887 4141
613 5 2120
9 657 4816
1609 5 6191
16 188 1602
8 914 6876
1055 3 2132
43 42 1594
3 2062 1480
2 4634 6976
2823 3 1384
4555 2 4564
5 1093 3848
392 4 1262
1034 7 6950
1213 1 433
19 525 7755
332 6 1303
3 2686 6638
730 2 459
10 728 3758
19 221 915
2356 2 4567
33 97 367
233 18 3082
19 287 1789
60 68 3500
13 127 464
32 195 3442
645 7 3197
1562 3 3754
100 100 0
13 386 3162
694 11 4814
3 488 1360
85 111 7284
5 313 1071
15 251 3548
86 19 1204
5 521 2471
9 995 8408
7 467 2611
2 2722 5300
118 10 1161
2 4702 9222
5 1621 8041
2 4300 8499
1537 6 6304
4 1261 3575
1201 5 4487
65 143 7951
1949 5 9142
273 30 4827
218 24 595
283 25 5006
8 120 958
137 49 3261
2 4271 3993
586 16 1104
31 23 357
377 2 670
124 62 5921
4 341 765
143 26 3038
593 9 4423
3 833 2037
46 136 5065
111 71 6348
4821 2 7486
1 2118 1449
12 296 3406
5 87 385
557 10 5131
219 13 2237
6 429 1996
91 11 615
2 3790 7086
37 137 1399
3 513 793
112 61 6496
5 409 1204
102 67 6334
3 2593 2834
93 85 7522
6495 1 4
177 28 1615
4 19 38
1 420 243
11 441 4068
4 1661 1165
384 17 3931
161 9 298
512 3 1226
40 236 6693
107 67 6509
9999 1 5000
25 269 3715
15 151 1531
4 863 2369
755 3 1986
3 1291 1263
2 1227 1542
758 5 688
359 18 3337
161 35 2987
149 38 3816
4519 2 5665
58 26 1142
124 31 2254
2 2218 2582
753 6 3492
14 543 6580
4 1272 4613
155 25 3839
33 271 7768
23 112 2066
47 146 4716
6 305 1481
4685 2 4976
77 86 5998
238 10 1858
823 7 4734
1471 2 1857
1960 2 2364
2 3570 6438
5 3 11
598 5 2371
6 1533 7683
3 5 14
259 12 422
4542 2 8363
1 774 443
242 7 1579
7 1319 616
2986 2 3591
52 119 5914
4181 2 2738
4117 2 7716
43 123 3314
1846 5 7005
42 233 8865
11 264 2770
2 4064 7575
9999 1 1
3 2037 5058
61 122 7208
192 17 3074
7 586 2684
617 2 845
335 6 1193
14 506 6434
29 37 681
1021 8 6655
17 419 3690
780 5 3371
3 3107 7937
19 235 1086
3603 2 1321
166 30 2987
1178 8 6654
3 5 0
667 11 6287
27 339 5885
2656 2 4994
722 3 2144
4 400 1576
3 1787 2520
62 152 8032
13 666 4484
9 40 107
3 5 3
5 853 1494
6 302 1738
27 46 1120
4 776 2500
127 49 937
1603 3 3025
52 89 2354
343 17 5551
1741 4 4744
357 28 9734
3 2113 2378
5766 1 4001
10000 1 0
10000 1 5000
43 161 5413
4 791 2123
339 10 2470
1 959 52
59 147 6459
2157 3 5650
81 76 3879
1147 3 2066
26 41 103
39 159 5134
4 321 113
187 53 7378
103 4 306
149 37 4191
132 35 3128
2 3962 5498
271 5 421
9 933 7888
3 4 12
7 301 1132
1138 7 6226
10000 1 10000
31 315 6969
7 1412 5889
3343 2 2274
1838 3 4624
2926 2 3114
5 1223 3219
607 15 2238
409 15 3655
1 10000 4999
2017 4 6274
3 1231 3031
317 18 3868
67 73 4677
32 168 232
5 829 205
281 9 1921
2032 3 3259
24 389 5980
2806 2 3750
9614 1 5402
89 11 213
131 10 1200
4309 2 6166
31 214 2931
5 3 9
5 391 1339
113 57 1896
85 17 1438
3 1754 4974
191 38 4597
1 9134 6348
55 149 6143
3 268 289
43 197 6448
3177 2 5471
73 29 1229
3 3178 6704
102 36 2294
199 37 6919
4534 2 5129
56 109 3468
33 181 3595
1466 5 4348
22 299 5861
784 2 866
3 563 1208
41 167 5054
10000 1 5001
4397 2 7539
1 9125 5435
30 125 3227
20 439 6862
3 401 1054
7 1149 5506
71 31 2021
1 9999 1
756 13 5662
591 3 963
5 540 1649
2 2608 2144
5 3 0
247 26 4105
2 2926 4483
803 5 1263
85 63 4876
158 8 61
607 5 1743
2 2537 3795
34 187 4504
29 131 2891
1060 7 6333
3 5 13
2278 4 6425
723 7 2910
8035 1 6787
2 2218 1803
517 17 7937
108 82 8059
100 100 5001
170 46 6101
7 284 1837
37 179 3659
17 141 1266
5 1501 5941
42 34 267
10000 1 4999
964 4 1985
3478 2 3906
28 24 487
1580 1 883
2 701 763
349 24 8105
47 71 2023
5 3 2
33 89 2935
6 1308 7628
6 1381 5875
7 1147 4331
11 197 41
26 127 2527
56 76 3104
1881 2 3030
3 599 1335
1 10000 1
83 114 7056
99 83 7073
3046 3 8526
3428 1 2500
2187 2 3541
613 10 5779
79 122 6988
4871 2 3886
3428 2 6408
168 38 3481
1999 1 1638
19 107 1788
51 170 8282
6 909 5279
4490 2 5158
13 418 4196
907 5 3799
5 3 15
14 523 4174
1291 4 3922
3 509 1201
19 47 718
527 6 1872
105 38 10
19 431 5362
278 5 173
7 935 749
74 37 1005
1 10000 5001
36 193 984
14 373 1009
130 10 1268
3 3291 6535
2 2084 2527
11 202 1868
726 11 5981
253 11 1339
3 2813 4377
5 3 1
5 811 3571
17 179 2596
4298 2 7103
89 79 2354
92 70 2626
18 177 2391
973 5 1058
53 43 2152
3 5 5
13 579 1339
1709 2 2539
3 5 11
2199 3 5352
365 4 1275
103 83 2565
1 8243 1710
8 751 5802
3117 3 8627
2 781 1393
4613 2 6105
52 3 106
539 16 7861
5 1330 1400
3 1047 71
4 1993 7718
4518 2 5133
1557 4 4408
1 4505 2263
5 88 419
17 311 2953
8 641 4890
302 25 2159
1089 9 7130
2 1381 2060
512 19 9611
269 20 4517
2083 3 5606
1584 2 2484
7400 1 4659
1 10000 5000
4 1622 3915
11 326 3159
22 438 6216
5 1569 2653
1239 1 603
3 2203 5657
2 3658 5890
59 31 1153
9705 1 4716
90 110 7210
2 3291 4256
18 391 4247
1567 2 1258
1 9629 9309
3166 3 7355
35 281 3645
17 569 8226
3 3005 5182
304 30 5177
151 13 1264
690 3 1184
341 10 2070
35 207 6902
128 9 498
905 2 285
176 2 180
36 48 981
1 9012 7870
1 9237 5954
2 1532 905
4 199 147
97 33 2751
9999 1 0
31 199 4764
121 5 424
113 49 95
1 9305 4179
79 58 2979
10000 1 1
6808 1 6679
3 1541 1925
4649 2 7869
3 421 756
881 5 2637
132 57 2904
16 87 902
787 6 4061
617 13 7925
3 257 710
548 2 913
33 127 3032
21 281 3171
662 10 5299
15 21 272
31 141 2134
103 29 1003
28 334 9123
6 1285 5069
605 13 6596
4294 2 4576
5 569 538
7 17 12
557 10 5285
65 23 799
3651 2 4430
4 2417 6643
1362 2 1112
4343 2 7019
8 541 3269
178 38 4072
11 263 1484
100 100 4999
2 424 527
3 763 1437
78 78 3163
113 8 526
9 733 4915
13 764 5193
3 5 12
90 77 6893
8 445 1824
24 12 161
25 5 114
2 1588 2055
1303 3 2868
1255 3 3678
323 19 4490
2 829 938
2 1506 532
3 1389 3193
3 2065 6178
4 914 1698
1415 7 9336
37 65 1495
9 461 4118
2 223 430
7 917 3987
1 1841 1611
71 45 2741
100 100 10000
641 15 6536
9 42 365
39 134 1569
64 2 85
3481 2 3312
22 33 500
26 48 461
51 181 619
239 17 2600
1 9872 5648
3 1429 2120
2 2027 3157
41 17 13
62 28 165
49 7 167
134 17 1189
2451 3 6012
37 6 63
25 30 284
5 649 1940
3 5 2
5 541 2452
9 139 700
217 7 1510
2 2551 52
87 81 5314
2 1973 3737
3186 1 3037
3 3034 5970
940 1 869
3 1546 3983
2 422 643
6 1091 3726
47 45 2047
491 5 1624
7 1085 4409
8 484 718
25 141 3038
175 5 335
488 10 318
1692 4 4402
5 817 4011
899 8 3742
1359 5 2138
2 4799 5063
4049 2 7192
388 7 2211
4997 2 7789
1846 3 3168
134 34 3081
66 104 3047
12 475 4165
4 781 1235
638 10 5265
23 241 5523
62 145 8362
460 20 6489
3 5 1
915 6 1535
30 218 4235
753 5 2050
1255 5 2855
21 193 1323
7 983 3912
1097 2 1957
73 65 3241
5 3 14
1100 5 5061
2 3446 4284
2 2545 3632
2 2971 5560
72 55 1996
5 438 1873
84 49 1927
3 858 2280
11 348 2678
257 12 2760
926 10 5449
2 263 176
302 7 1677
4 358 1222
14 448 4571
5 3 12
5 725 2064
861 3 2383
9 1 6
5 691 2377
1325 6 7231
6 9 35
19 377 5572
5 446 2214
1342 2 909
3373 2 6573
1645 4 3366
2 4353 7215
141 47 2985
22 75 1577
5 89 368
593 8 3080
998 3 2511
1583 5 7135
9 993 6474
46 71 689
1548 5 4997
417 1 213
2 1298 620
233 11 1961
6 1628 6751
15 45 652
32 41 701
731 6 2226
3 2619 5528
4180 1 2617
2 435 718
2 3456 5920
1 6130 5784
22 288 3490
334 19 3651
5 165 388
17 586 5262
29 267 6615
9 601 4746
93 87 6611
881 6 3291
259 37 4984
158 28 2530
37 109 2906
2 3418 4071
862 10 6896
153 21 1927
2 3603 4859
2028 4 5057
1825 1 1107
853 7 3972
53 9 463
2 1043 273
1385 3 1856
1028 3 2895
338 7 747
1642 5 75
50 80 1282
1707 4 3433
20 404 3784
2990 3 4987
3 2401 4478
10 281 343
9 629 4557
4 1169 2933
7 742 5136
5 3 6
4645 2 5076
734 4 2418
182 23 2298
5 3 8
5 932 3329
2188 4 1969
9 320 738
1527 2 2451
1 9999 5000
2991 2 1891
4 1810 6817
1 6379 4969
1766 4 3967
49 131 3994
581 8 4557
2 100 39
21 42 631
3 569 1596
3 487 1147
1063 5 5042
101 5 347
3 3138 9352
5964 1 5252
1 1466 725
822 8 5530
169 8 805
5 282 1170
1191 3 2386
2 3938 5726
1 9 6
3 1684 3135
13 139 56
8740 1 994
7 257 111
458 6 2111
1 8595 6151
1529 2 1931
1417 5 4973
3 5 15
444 17 4373
1063 8 5311
9 881 975
38 108 3082
5 669 3054
6254 1 5045
44 78 2387
951 7 6056
561 6 686
771 5 2106
8 530 2577
54 87 4117
885 2 169
209 31 4254
4 1045 2910
163 10 1557
412 4 1319
172 15 1340
1 9999 4999
279 28 5909
657 3 1657
1 9999 0
3 5 10
1 10000 0
764 4 2174
574 7 783
141 37 4554
3 1216 2690
1 1 1
5000 2 6369
283 25 4180
459 6 75
5737 1 3625
19 29 474
3 5 6
117 6 502
709 9 5897
529 9 3408
136 39 2465
3 2719 5150
8 367 1198
38 151 5457
46 11 453
2 4771 4069
425 17 4119
2 4541 5678
740 11 6015
4486 2 2582
5 304 294
1 3699 1922
5 1613 6709
9 462 1192
2493 3 7092
3 5 4
351 19 1260
832 2 1061
4 4 16
46 103 3043
35 83 1994
2 4492 6095
1112 4 2283
178 35 460
2 759 880
76 115 7035
2 2123 318
4 1279 2176
1718 4 4421
279 7 1195
78 92 5599
2 4012 5910
809 4 1446
47 171 1385
43 41 1610
13 445 1594
576 7 107
1465 6 7326
34 219 7110
110 52 3201
9999 1 4999
5 3 7
28 16 428
11 586 3933
111 89 57
407 16 4077
1 5585 4565
15 551 920
34 72 2041
5 1207 4512
3 193 71
20 7 134
3837 2 2387
137 37 3299
117 67 4723
49 149 4204
289 9 2027
3 2074 3485
5 1657 5054
78 101 4477
7 1364 403
5 3 5
4 1726 4735
863 2 1697
39 161 3392
2 2309 2377
41 2 13
57 10 460
2 1199 1744
3 778 648
521 7 3381
2323 3 6500
1797 3 3519
2493 3 4762
6 603 2779
467 21 9149
17 439 6128
4 2045 4968
14 555 294
79 107 4817
2 4678 2133
3 1789 253
5 3 13
168 2 179
88 4 332
95 28 2364
27 351 7162
39 19 437
1223 7 4854
5 1066 2718
1099 5 3815
5 3 4
1 1 0
5 3 10
3 3251 2651
47 173 7564
273 9 2263
1 10000 10000
35 214 4315
5 1234 398
332 19 3409
1318 5 4692
72 22 1383
28 65 1211
17 217 3641
71 125 5905
3 1935 4529
2 610 1179
43 112 2995
35 43 396
5403 1 4466
4 467 1615
802 5 2947
8 1101 8648
8 647 2635
113 43 2877
1453 5 5993
937 8 1618
9999 1 4998
244 21 5086
12 401 4781
2 4052 5815
94 46 4049
20 58 822
12 415 4974
