100
6 2 8
3 5 7
3 5 9
1 16 8
7 2 4
3 3 7
5 3 8
1 16 16
2 7 14
1 15 15
15 1 0
5 3 1
2 5 9
3 4 12
5 3 10
2 2 2
7 2 12
2 7 10
1 12 3
2 8 13
3 5 13
1 15 0
2 5 3
1 1 1
3 5 12
15 1 6
3 5 8
2 5 10
16 1 1
4 4 16
2 6 11
3 5 1
5 3 0
5 3 12
1 16 0
1 16 7
4 4 9
16 1 7
1 16 9
3 5 5
4 2 6
2 7 0
16 1 16
1 4 1
8 2 7
15 1 7
3 5 2
1 15 7
3 5 15
5 3 7
8 2 16
3 5 10
9 1 6
1 16 12
15 1 1
3 5 0
3 5 4
5 3 14
16 1 8
16 1 9
1 15 8
4 4 0
5 3 9
16 1 0
2 5 8
5 3 6
5 3 13
3 3 4
3 5 14
4 4 7
3 4 6
3 4 7
7 2 8
5 3 3
2 7 12
2 7 11
14 1 11
3 5 3
5 3 5
3 2 0
5 3 11
15 1 8
3 5 11
4 3 12
1 4 4
4 4 1
5 3 4
1 9 6
5 2 9
4 4 8
1 15 6
1 16 1
3 3 6
5 3 15
3 5 6
5 3 2
1 15 1
2 8 14
15 1 15
1 1 0
