100
4
10 5 15 5
2
100 100
8
81 81 81 81 81 81 81 0
6
23 90 40 0 100 9
2
0 0
10
100 0 100 0 100 0 100 0 100 0
10
100 100 100 100 100 100 100 100 100 0
5
4 12 16 76 68
6
27 48 17 25 51 58
7
74 98 90 49 22 68 37
8
27 79 25 95 80 58 83 54
9
90 87 34 85 81 44 61 76 29
10
4 68 54 44 14 67 10 98 71 56
10
83 33 14 11 56 7 49 54 74 72
10
44 33 47 34 98 74 61 84 75 27
10
59 90 73 52 13 69 6 94 92 89
10
20 16 16 53 11 98 62 34 55 18
10
27 55 25 50 84 42 4 85 6 25
10
3 76 88 71 57 35 95 35 61 74
10
29 88 67 6 72 61 19 1 91 35
10
39 81 88 18 88 47 77 66 34 90
10
56 87 79 53 1 20 21 11 18 52
10
91 95 29 96 13 7 85 31 7 81
10
33 20 96 34 93 49 41 15 42 94
10
45 42 38 20 86 10 54 12 79 20
10
35 41 39 88 42 16 72 40 70 23
10
8 20 44 50 4 3 53 47 50 2
10
20 53 52 53 26 95 42 50 85 0
10
54 98 35 19 61 32 52 51 55 17
10
75 8 69 40 32 5 31 94 12 97
10
60 80 49 29 54 31 61 77 59 14
10
22 16 24 72 60 33 84 39 59 34
10
27 76 19 96 97 61 87 86 53 73
10
47 42 51 83 55 90 46 30 24 36
10
54 17 43 29 66 77 33 81 76 99
10
84 31 4 70 6 13 55 38 20 0
10
25 89 90 20 34 13 43 28 77 73
10
79 33 86 45 4 8 12 19 18 78
10
19 17 28 65 13 1 60 22 83 16
10
61 25 69 95 40 80 78 70 54 41
10
43 10 68 33 93 42 48 93 70 3
10
20 38 53 81 21 78 40 93 19 92
10
2 58 34 82 37 30 82 7 62 39
10
94 61 36 66 10 48 27 17 31 6
10
42 58 30 55 50 33 37 2 31 6
10
7 38 10 30 35 34 70 49 49 58
10
83 40 83 66 87 77 66 51 86 48
10
3 74 76 80 83 81 58 41 22 86
10
5 47 9 26 57 46 24 42 75 73
10
70 2 33 64 83 73 29 54 2 63
10
89 99 29 78 77 32 15 12 45 41
10
22 1 5 55 30 25 48 59 53 25
10
26 11 23 56 78 87 93 44 2 91
10
94 7 85 0 29 1 60 94 4 57
10
36 7 77 74 55 33 1 85 35 86
10
58 66 44 97 5 17 36 96 46 17
10
54 18 53 8 32 90 84 59 22 83
10
49 4 67 14 33 3 15 8 56 47
10
28 41 30 73 90 25 94 95 69 51
10
58 42 61 65 82 5 47 96 23 52
10
28 19 61 27 32 97 60 43 7 0
10
44 86 89 9 11 38 16 73 41 93
10
1 77 51 29 22 3 74 20 28 68
10
26 74 62 26 65 10 33 75 66 13
10
49 26 57 98 46 18 85 21 35 44
10
40 36 7 49 47 97 27 38 42 72
10
16 46 30 82 36 54 95 24 59 8
10
66 52 11 64 49 12 29 10 43 2
10
50 25 11 42 32 2 56 8 24 15
10
59 96 96 66 75 62 51 16 78 52
10
85 14 49 68 60 78 67 85 68 17
10
44 10 83 90 90 88 90 5 75 76
10
36 16 87 3 0 86 11 91 54 77
10
46 15 77 94 90 6 75 22 11 33
10
14 43 7 53 80 50 5 27 66 58
10
28 72 60 67 31 85 6 17 36 98
10
47 40 42 29 49 26 6 55 89 97
10
7 13 14 4 33 84 49 57 39 93
10
15 82 35 78 87 63 32 85 53 37
10
31 11 13 22 99 85 82 7 75 13
10
50 26 4 66 60 76 36 69 35 49
10
12 92 57 13 25 63 17 64 20 80
10
90 88 59 80 77 62 2 49 12 65
10
93 59 24 91 2 60 90 17 62 81
10
46 16 85 43 19 62 9 79 46 6
10
28 42 57 82 5 62 46 78 67 85
10
35 11 67 30 82 83 41 91 78 43
10
46 28 56 82 19 12 30 52 2 64
10
97 34 95 86 36 75 62 65 37 52
10
45 2 26 54 80 6 47 50 64 96
10
12 60 73 57 68 26 76 25 90 35
10
57 21 44 10 55 17 65 68 35 61
10
46 95 29 77 75 18 83 75 25 99
10
87 92 85 4 32 84 56 84 48 98
10
8 66 99 13 35 88 53 56 81 24
10
39 61 79 84 7 40 93 17 85 13
10
30 31 28 66 34 69 67 52 3 41
10
37 65 17 28 94 26 93 92 64 54
10
31 73 25 9 81 2 68 62 58 19
10
22 89 78 48 91 23 19 61 64 33
