100
2 10
82138 16117
0 1
0 1
0 0
0 1
1 1
0 1
0 1
0 0
0 1
0 1
6 10
844875164 57048 374495664 31300 90638 19536
1 5
2 2
3 5
1 5
0 2
1 5
2 3
2 2
4 4
0 1
6 9
30507 4 8 78328 10 121754978
1 1
1 3
4 5
0 0
3 5
2 4
1 1
1 5
0 1
9 2
3 894152728 10 8 9 51150 48000 167073852 970986168
1 1
0 5
10 10
6 248588656 90622 6 8 7 63982 1 208929800 8
4 5
7 9
1 6
0 7
4 8
0 6
0 5
6 8
0 1
4 5
1 4
92392
0 0
0 0
0 0
0 0
3 2
531822989 270677995 8
1 2
2 2
3 2
1 2 3
0 1
1 2
5 9
609499440 348450707 9396 7317 72706
0 4
2 3
0 2
0 3
2 3
0 3
0 2
0 4
1 3
4 4
85770 69843 5 584365104
0 3
1 2
3 3
2 3
1 7
31864
0 0
0 0
0 0
0 0
0 0
0 0
0 0
1 3
6
0 0
0 0
0 0
6 2
8 579499996 607006083 1 67077 9
3 3
0 1
10 10
89410 58148 41612 2 781432003 69320 810095281 80091 93534 20253
3 9
1 8
6 8
5 6
2 5
2 6
5 8
7 8
3 9
7 8
10 10
1767 48381 14542 723497610 7 8 82196 83186 32691 4
2 2
7 9
4 8
6 8
1 2
0 7
2 8
6 7
1 8
0 8
8 1
3 5 674146490 8 1 47114 611998903 71863
4 5
6 4
520449996 167575299 5 559143217 2 980709628
0 1
4 5
3 5
2 4
5 1
3 1 63251 4 17575
0 1
10 3
580273242 10 4 37208 47081 24906904 10262 867831420 983458716 785813012
1 6
1 3
1 4
3 5
97896 438133892 16698
0 2
0 2
0 2
0 2
0 0
3 9
13487 7 4
1 1
1 2
0 2
2 2
1 2
0 1
0 2
1 2
0 2
10 1
2 93357 499681315 5 4 57182 20316 843650292 833011816 68395
6 8
3 3
441167833 10 10
0 1
0 1
1 1
1 9
875591607
0 0
0 0
0 0
0 0
0 0
0 0
0 0
0 0
0 0
10 10
55999650 4 32979 797199515 70709 770695921 87709 70992 72083 486752880
2 8
1 3
1 1
3 4
0 7
0 8
2 3
2 5
1 8
1 7
10 10
60904113 7 10 373398049 89355 183824366 8 30882 5 297539274
5 5
1 8
3 5
2 6
2 4
0 8
1 9
2 6
4 6
0 6
3 10
11030 26499 21698
0 2
1 1
0 0
0 2
0 2
0 2
1 2
0 1
0 2
0 1
6 5
409400770 9 19729 5 151718122 52636
4 5
0 3
1 3
4 4
1 1
3 3
1000000000 32767 1
0 1
1 2
2 2
10 10
1 15480 303975487 100801579 8 323757720 484768284 739237274 963589432 452284168
3 7
6 9
6 8
2 3
2 7
4 5
6 7
6 7
5 5
4 5
10 10
859548492 72006 148461085 33135 51768 700779225 33140 1 936823977 53124
9 9
0 8
0 7
3 3
5 8
3 6
5 5
0 9
5 5
3 5
5 8
502585676 613 1 660354985 681884048
2 4
1 3
1 2
2 3
2 3
0 0
0 1
0 4
10 10
895681783 73250 112058444 162988279 853826262 4 208030971 3 6 594448220
2 7
4 8
2 5
5 6
0 5
2 7
5 8
1 9
4 4
3 5
4 7
38774 882558038 85580 5
1 1
0 1
1 3
0 3
0 1
1 3
2 3
7 3
1 371886381 479390199 980566666 9 8 886281671
3 6
0 1
2 4
6 8
7 89980 3 9038396 65937 229235505
2 5
0 4
5 5
1 4
1 2
5 5
3 4
3 4
1 8
6
0 0
0 0
0 0
0 0
0 0
0 0
0 0
0 0
5 3
493311589 554228736 985685443 8 499989021
1 1
1 2
0 1
5 5
75512 530553126 3 27956 9
0 2
1 2
3 3
0 1
0 2
10 10
3 5 37029 680892075 6 7105 91191 39387 41153 312360118
7 9
5 5
6 7
2 5
0 4
5 6
0 6
1 8
1 6
1 2
10 5
634855235 486560077 51078 6 94422 8 1 455152438 72971 57875
3 3
2 7
4 8
2 7
0 4
6 4
7885 62143 48294 65808 66368 219398100
2 2
3 5
0 0
1 2
6 9
93977 991954705 77581 53326 186202057 8
0 3
0 2
2 3
4 5
3 3
0 5
1 4
3 5
1 4
8 7
4 7 10 10 504202216 4 799364745 64990
3 7
2 3
5 6
0 5
1 1
2 7
5 7
7 5
126835661 39658916 54773 69341 2831 83583 62908
0 5
0 3
5 5
0 6
5 5
9 8
3 46370 93904 383395228 57466 95823 62858 90299 895805671
2 7
1 3
1 5
0 8
2 3
0 4
1 8
1 7
6 8
837527240 1 9 925151802 1 732693956
0 5
2 4
0 2
1 5
1 4
0 1
3 4
1 3
3 3
2 684288012 4
0 2
0 2
2 2
4 3
30081 47923 6 1
1 2
0 2
1 2
1 6
57807814
0 0
0 0
0 0
0 0
0 0
0 0
1 1
1000000000
0 0
10 10
82751 37653 4 2 724120064 555969981 2 4 7 78998
5 7
2 3
2 4
5 8
8 9
3 3
2 8
3 8
4 9
7 8
6 8
36532492 4 9 4 1 3
2 3
0 3
1 3
1 4
5 5
4 5
4 5
1 1
4 9
7 99783 2 65663
2 3
1 1
2 3
1 2
0 3
0 2
2 3
0 1
0 3
6 10
444906704 6 4 84302 3 60235
5 5
0 3
3 5
1 2
2 3
2 5
2 2
2 5
1 5
1 4
1 1
931408920
0 0
10 10
78310 7 71770 147567774 7 726418800 4 4 8 3718
4 7
1 9
3 6
0 9
4 4
0 4
5 7
1 4
0 9
3 5
10 10
8 10 5 44745 9 210019679 490813072 318165724 81385 7
5 6
0 8
3 5
4 5
8 8
6 8
8 9
3 5
4 9
1 5
10 10
645759759 106281396 97491 1 61309 961405056 49464 70245 544978962 4
0 2
3 6
1 2
6 9
3 6
1 9
2 7
4 6
3 6
2 6
7 5
529807110 61175 9737841 10 823581431 48432 9
0 2
0 5
6 6
6 6
3 4
10 10
6 998610395 5 8 897764776 26525199 9 60900931 380729719 43676
4 8
6 7
4 7
4 4
0 8
4 4
7 8
2 8
3 7
5 6
6 8
922953249 3 3639 10740 1 573017546
3 4
1 5
0 2
0 2
3 3
1 2
1 3
3 5
6 5
3514 99897 989234349 161377309 8 822248758
1 2
2 3
3 5
0 3
1 5
9 3
335213884 71209 753 320750107 5 3 3384 744317153 873073483
4 7
1 2
1 3
10 10
960302395 65630 10 343340899 40519 2 321679394 92190 1 2
0 1
2 8
3 6
3 3
2 6
7 8
0 9
5 6
0 3
4 4
6 9
73266 10 3 64432 7 2
0 5
0 5
0 3
0 1
3 4
0 5
3 5
3 3
2 4
9 7
88696 742003689 571101517 10 616205661 794696744 975417089 28836731 43031
0 1
3 3
4 5
3 6
5 7
0 6
4 6
9 8
3 398669284 6 468365726 4 672792488 9 496656209 52883
2 6
2 4
3 5
0 8
0 2
6 7
2 7
3 4
7 1
714209520 9 99627 921607561 2 6 75783
2 5
3 9
56545 7 81699
0 2
2 2
1 2
0 1
1 2
0 2
0 2
0 1
0 1
7 7
304082486 236370745 184286447 427211143 292703269 10 963904731
3 4
1 3
6 6
2 5
2 6
0 4
3 6
3 3
354353425 453523523 543557893
0 1
1 2
0 2
3 9
52536 432480786 89426511
0 0
1 2
0 1
1 1
1 2
0 2
2 2
2 2
1 2
10 10
745441056 329635732 462980411 4 21501 72604 414656356 28024 10 91797
1 7
2 6
1 1
2 5
1 7
1 7
0 8
5 6
7 8
2 4
3 10
4 243995832 321858962
1 1
1 2
1 1
1 1
0 2
0 0
0 1
0 2
0 0
0 2
6 3
70459 2 335950903 108296264 1 6
1 1
4 5
4 4
8 7
10 1 342831838 84762 59177 85171 146107665 677175921
0 5
2 7
4 4
1 3
0 5
3 3
5 7
2 3
13618 3
0 1
1 1
1 1
2 2
1 4
0 0
0 1
1 6
2
0 0
0 0
0 0
0 0
0 0
0 0
4 10
5 7 93214 10
2 3
0 0
1 2
2 3
0 3
1 1
0 2
0 0
1 3
0 1
4 3
1306 2 67495024 36319
0 2
0 1
3 3
8 9
6 709791770 9 857 377309441 416612997 4 344108279
3 3
2 7
5 6
1 2
5 5
2 2
4 7
7 7
5 6
2 7
50661 350178193
0 0
0 1
0 1
0 0
0 0
0 0
1 1
10 10
90548 57178447 740512452 877 9 746632888 765538949 3 98092 865553317
0 1
5 6
1 3
5 9
4 4
4 7
0 2
3 5
5 9
0 9
6 4
53523 233982894 9 29515 191241099 7
2 4
0 2
4 5
3 5
1 10
86913
0 0
0 0
0 0
0 0
0 0
0 0
0 0
0 0
0 0
0 0
10 10
9 18585 75885 49029 515049107 71391 1 23327 823425078 8
1 4
2 6
3 9
7 8
4 4
1 9
0 3
2 7
4 8
4 7
1 7
110930746
0 0
0 0
0 0
0 0
0 0
0 0
0 0
10 10
4 973781616 10 3 229947661 8 3070 7 5415 21290
3 9
0 8
4 9
2 7
3 5
3 6
8 9
4 7
1 3
0 1
4 6
909130250 551652039 10 381008060
3 3
2 3
2 3
0 1
1 3
0 2
10 10
39972 6 32237 167159266 2 94708 89967 43594 328808355 505407091
4 6
0 9
3 4
0 2
1 1
5 9
3 4
6 9
2 6
1 2
10 10
92888 514946919 933258978 243412346 4 46213 89714 76356 317288653 75464699
8 9
6 9
0 2
6 8
7 8
0 7
1 6
6 7
3 6
2 7
6 6
6 728486137 887763485 69751 74850 37611
1 4
4 5
4 4
2 5
0 5
1 5
2 10
4 21798869
0 1
0 1
1 1
0 0
0 1
0 0
1 1
1 1
0 1
1 1
5 10
59866493 6 9 5 99334
2 2
0 1
0 4
2 3
1 4
2 3
4 4
0 2
2 4
0 4
2 9
191540278 60482
1 1
1 1
0 0
1 1
0 1
0 0
0 1
0 1
0 0
7 10
8 745087387 43024 1 6969 8 9
0 6
4 4
2 6
0 1
0 6
2 3
2 4
0 3
3 5
0 2
6 10
950886537 87813 4 861996199 2 41349
5 5
0 5
0 4
0 4
4 5
4 5
0 3
2 5
0 4
4 4
8 10
668946587 1 19522 97919 2 8 794508173 27301
5 6
4 7
7 7
3 4
3 4
5 7
1 4
0 6
3 5
1 2
