100
10 7
916418104 64886 700310723 526169770 2 61305 10 92580 394992114 929694234
0 4
2 4
6 7
6 6
4 9
7 9
7 8
10 10
9 85107 76437 9 839630760 93220 60618 10 20310 7304
6 7
1 5
5 9
3 7
1 4
7 8
1 7
1 5
4 6
1 7
7 6
3 9 42837 8408 15597 318911601 9
1 4
0 5
0 4
0 5
1 2
2 4
4 7
9 316953467 291829352 8
0 1
1 2
3 3
3 3
2 3
1 3
1 3
6 3
914946952 6 185952217 2998 495214519 80891
1 4
1 5
1 3
10 10
76780 9 1 259334946 11067 99769 41887 38091 74628 25001
0 9
5 7
5 9
2 3
0 2
4 6
0 2
1 6
0 6
4 6
9 7
51694 477729026 55461 76880 54057017 36859 921386919 79307 208436726
3 7
0 2
4 8
4 6
0 7
4 7
4 5
10 10
9 4543 74430 7 604770831 6 3 594951161 72002 54090
6 8
1 5
6 6
4 6
7 8
1 5
0 6
6 7
5 8
0 4
6 8
371177756 68959 810033308 282327597 94163603 380309269
3 5
1 4
1 3
5 5
0 3
0 5
3 5
0 5
10 6
958434708 65230 9 28216 71636 1 7 4 4 829875554
7 9
2 8
6 9
1 9
6 9
3 7
5 1
1 828612939 567703819 546665153 52917
1 4
10 10
8 343245353 2 781581865 218501789 2 74866 8 10 39131
8 9
1 4
0 5
2 5
0 7
7 9
1 9
3 4
5 5
1 4
10 10
807153302 3 10 10 29113413 921765087 10 158296561 301109077 504240897
1 1
2 5
6 9
8 9
1 2
0 3
0 5
3 5
3 6
5 7
5 6
49090 9 6196 729864746 8
1 2
0 0
2 3
1 4
0 0
0 1
4 4
1 44062 459298677 832456942
0 3
0 1
0 2
0 1
3 8
11423 3 159968039
2 2
0 2
1 1
0 2
0 1
0 1
0 2
0 0
10 10
19794 514479030 12422 23869 69753 4 57344457 777451415 3 906659327
4 7
2 4
4 6
5 6
4 8
4 7
1 4
0 9
4 7
7 9
8 5
3 23832 16240 571965025 2 299806225 221716860 92498
1 2
4 5
1 1
5 6
1 1
9 7
49195 626177243 65008 50897 82711 10 27192 191095296 81550
4 5
5 6
7 7
8 8
1 2
0 0
3 8
7 6
6 10 7 919969736 82548 70126 48447
1 3
1 3
0 2
0 1
4 6
5 6
9 1
1 4 322767142 86758 463900838 69138 537714056 271869400 30356
3 5
6 5
361680046 51144 3 51553 8 4
0 4
0 3
1 5
1 4
0 3
6 4
8 330424883 6 407284021 791953293 95953
5 5
3 4
4 4
2 4
7 4
1 61604 211576834 88552 328848350 13638 94005
0 2
4 5
3 6
2 4
1 10
655041734
0 0
0 0
0 0
0 0
0 0
0 0
0 0
0 0
0 0
0 0
5 10
95698 9 395051132 63831 3017
2 3
1 4
1 2
2 3
1 3
0 3
1 2
1 1
1 2
0 2
10 6
7 2313 160918478 57825 20116 621072217 1 193132742 64282 42027
0 5
4 7
2 7
0 3
1 2
3 8
9 3
508792467 446299711 1 810829 681262716 9 19554 286575873 9
1 3
3 4
2 4
9 9
541302101 68124 685698767 28798 978537202 3 5 5 162565530
1 3
5 8
0 4
0 8
7 8
5 7
2 8
0 2
3 8
3 1
3 968976528 51359
0 2
8 7
880792216 6 86244 45990 815595190 15472 122984975 4
2 6
0 4
2 6
3 6
0 1
3 7
5 6
10 10
1 681578604 10 702346748 5 87558 708915770 531514838 7 803726700
0 8
2 6
0 4
5 6
4 7
1 8
4 9
2 7
3 6
0 1
7 6
5 621516142 725297239 5551 532227941 83666 7
5 6
2 6
1 5
1 1
4 5
1 6
5 8
42834 79090 87268225 658358121 640469291
1 2
0 0
1 3
0 2
0 1
0 0
0 2
1 1
1 1
1000000000
0 0
2 5
10 28581
0 1
0 0
0 1
0 1
0 1
9 5
75881 4 2 318611272 479246017 10 9 164844392 5
6 7
1 7
0 7
0 8
1 2
3 9
223258810 24696 5
0 1
1 2
0 2
0 2
0 1
2 2
0 1
1 2
0 0
10 10
5 552018851 6 1 118544572 1 91322 1 71734 837960113
4 5
2 6
0 9
0 7
1 2
0 2
6 6
5 6
7 8
4 4
6 10
3 41244 7 795306267 696029195 10
0 3
2 5
0 5
0 2
3 3
3 3
0 1
1 3
0 5
1 3
6 1
369673110 404707717 31964 432191291 182 65839
0 4
6 6
20372 970307672 5 41859 70127710 70372
3 5
0 4
0 0
1 5
2 2
0 4
8 3
6 752161953 254872301 4 49184 600236850 81182 457408812
2 4
0 2
4 5
8 4
1 498 6 4 18475 344581956 10020 79204
1 7
5 7
1 5
2 6
10 10
9110 6 10 7 263183633 2 7012 92426 42996429 282949045
2 6
0 7
0 2
1 5
0 9
3 3
2 6
1 4
3 6
1 9
10 10
991823802 3 748650863 486452502 356743838 32731659 358626008 12028 246481048 12559
0 1
2 8
2 9
5 8
2 4
0 3
1 1
4 9
6 9
3 4
6 7
5 8 22557 10 1 10
3 4
0 4
0 0
2 4
0 2
3 4
5 5
9 6
8 18894 10 3 254308490 5 6 5204 5
2 8
6 7
2 6
0 2
3 4
6 8
8 7
6 83332 821515836 6 31525 6 94696 7
0 6
0 3
2 4
0 1
4 5
1 5
4 7
10 10
57698 990160586 6813 62801 1715 96771 5 62319 7 13566
7 9
2 9
2 8
3 6
1 9
1 5
0 6
0 2
1 8
3 7
10 10
68489 154694445 813653672 1 4 4 7 94339 3 79937
3 8
5 7
2 3
1 3
1 5
2 8
0 8
6 9
6 7
4 9
3 3
1000000000 32767 1
0 1
1 2
2 2
10 10
220456025 7 6 7 14791 20326 736879902 39636 5530027 190178860
7 8
5 5
5 9
0 3
6 7
4 9
3 7
5 6
4 5
0 2
6 3
98755 9 324195069 478102702 3 95163
1 4
0 5
0 1
1 2
10
0 0
0 0
10 10
21284 490775208 10 7 49406 9734 2 604638696 3 679740058
0 8
2 6
4 8
0 8
6 9
0 2
7 9
7 8
0 2
5 6
10 9
41065 63710 331610466 4 51864 812140635 961970908 786712915 239941788 371169527
0 2
1 3
4 7
4 8
0 6
1 5
2 2
4 7
8 8
2 2
1 4
0 0
0 1
9 9
609690836 7 86757 658161280 1 58327 10 7 8
0 1
4 7
3 7
1 5
2 4
0 1
0 8
0 2
4 7
10 10
96726 1079 5979 772012140 4 45527 341436621 26678 4 162760502
5 8
0 5
0 1
3 9
2 6
2 8
4 6
1 7
7 7
2 8
1 4
5
0 0
0 0
0 0
0 0
4 8
1482 199938377 8 6
2 2
0 1
1 3
3 3
0 0
0 0
0 2
0 0
10 10
886770869 531774344 95649 33446 851055812 4 404574957 8 9 654519174
1 7
7 7
1 6
1 9
5 7
1 2
0 3
2 5
4 7
2 2
8 3
77218 8 10 5 28202 834253804 48294 5
0 1
5 6
0 4
1 3
672
0 0
0 0
0 0
8 6
82202558 950679452 27793 487713026 55117822 3 7 9
1 6
5 6
1 3
1 4
6 7
3 5
4 1
3 2 7 33945339
0 1
4 5
9 237756783 42033 5
1 2
0 2
0 1
0 2
1 3
2 1
295946844 32036
1 1
9 4
7 38053 48094 18033595 10 238763941 44351 95816 76752899
1 5
4 8
7 8
6 8
7 1
45558 5845 38472 408276179 6 283588629 38124
0 1
5 5
39326 841182924 14051 3874 4
0 4
1 4
1 1
0 2
0 2
7 8
99914 40776 2 611940863 66010 794294589 4
3 6
3 4
2 3
2 5
0 2
0 1
3 3
4 6
5 7
57508 6 1 4 6
2 3
3 4
3 4
0 3
0 1
0 3
1 1
4 7
905364331 796094671 131055584 244074750
1 2
0 0
0 2
1 2
2 2
0 1
0 1
10 10
9 49055 94930 74879 81607 5 30434 2 76739 8
2 3
8 8
7 7
0 6
7 9
4 7
2 5
6 6
1 5
9 9
8 1
59135 29286 10 10 4 662615025 85802 80330
0 5
10 10
804318337 8292 41970 5 2 42144 2 7 1258453 848455019
2 4
1 4
1 8
3 8
2 4
1 7
9 9
8 9
0 7
3 7
3 8
726052817 61034 96310
0 1
1 2
2 2
0 1
0 2
0 1
0 2
1 1
1 4
274620489
0 0
0 0
0 0
0 0
7 10
823867291 541229857 1 7 13365 93232 78165
2 3
3 5
1 6
6 6
1 3
1 3
2 4
4 5
0 1
3 5
10 10
1 345712227 819274426 3 10 62600353 4 540753081 37983 4
0 8
9 9
4 7
7 8
0 4
5 7
0 7
6 9
2 8
0 9
3 10
90071 554690982 2
0 2
0 1
0 1
0 2
1 1
0 1
0 1
0 2
0 2
0 0
3 2
1 2 3
0 1
1 2
10 10
405990655 39066 77306 85087 95292 459805218 60517478 2 10 1
7 8
7 9
4 5
0 2
0 9
0 6
6 8
0 4
4 6
0 2
4 2
8 6 429683057 56489
0 1
2 2
9 8
265542300 3 73910 2953422 74117 74683 13218077 84684 2
2 7
1 8
0 8
4 8
6 7
3 8
2 3
0 7
5 1
51747 11120 74828 477053453 86571
3 4
3 3
354353425 453523523 543557893
0 1
1 2
0 2
6 6
94089 979571763 26502 201951733 5 7
0 3
4 4
3 3
0 1
2 3
1 2
1 1
445220801
0 0
6 6
72571 674660517 13453 599845744 7 3035
3 4
0 2
0 0
2 2
0 1
3 5
10 7
89629 53182 4 648033537 72871 6 581376663 93707 45119899 66115
5 5
0 6
3 6
6 7
7 7
2 6
4 7
4 9
134396457 412862533 7 10608
0 3
0 2
1 1
0 1
0 2
0 1
0 1
0 1
1 3
7 10
6806 1 3 6 199966543 5 232181614
5 6
5 6
2 4
1 4
4 6
2 4
5 5
2 4
1 4
2 5
6 4
2 45780 97504 524660588 83901 3510
2 3
2 3
5 5
0 4
4 6
205235930 4 969658736 53711
0 1
1 1
1 2
1 2
1 1
0 1
10 10
32083527 91003 5 923475207 33555 12251 9 4964 659539176 92359
3 3
1 8
0 5
3 6
1 5
0 7
0 3
1 1
0 7
1 2
8 1
18068 166948666 53457 21399 4 7 255485703 9722
1 4
4 4
45070 67914 1 77419
2 3
1 3
2 3
0 1
