100
2
180 1 10
180 1 30
10
342 1 288047543
59 1 273316518
261 1 318420873
282 1 340952623
323 1 353694502
2 1 367266989
325 1 322566974
62 1 281748900
185 1 336483285
15 1 330279148
10
214 1 240192846
128 1 288515688
333 1 292831634
135 1 234124079
43 1 271621684
18 1 257115927
217 1 262657320
9 1 312925074
115 1 244582029
46 1 234141739
10
112 1 819815032
164 1 520081207
69 1 308813271
113 1 574445131
112 1 205072306
86 1 23974921
273 1 812843674
23 1 455233309
299 1 29269899
203 1 149483387
10
58 1 359858531
28 1 415486885
181 1 409073179
320 1 314288289
347 1 326909753
53 1 381740691
80 1 335500814
111 1 352674210
22 1 355965258
217 1 371470852
10
68 1 237234078
282 1 209285245
350 1 161305962
97 1 179731143
97 1 441383500
233 1 380685997
114 1 452768367
314 1 489415332
51 1 110352530
314 1 218309015
10
117 1 393641835
245 1 412076570
307 1 378067148
38 1 330983208
116 1 409769776
167 1 431056733
131 1 393528075
204 1 361530525
223 1 331906100
134 1 392871082
10
320 1 1
240 1 1
80 1 1
160 1 1
40 1 1
200 1 1
120 1 1
359 1 1
272 1 1000000000
280 1 1
10
171 1 175233364
266 1 41871942
112 1 839652616
186 1 153815400
302 1 421637070
287 1 282212239
153 1 530979147
146 1 1881056
31 1 151658256
305 1 333862309
10
6 1 328325115
103 1 448936316
231 1 383355135
79 1 367744333
177 1 390530822
78 1 317044565
232 1 451651644
272 1 362519817
79 1 403466683
294 1 409986330
10
180 1 4522
285 1 54264
288 1 56520
3 1 11400
74 1 6300
20 1 11970
255 1 38760
180 1 22610
270 1 45216
300 1 67824
10
89 1 438011088
164 1 423052950
88 1 325756342
194 1 369742535
25 1 423080643
235 1 368038486
133 1 324528283
335 1 414329132
337 1 336844717
10 1 364987324
10
322 1 523494949
300 1 696554704
303 1 46218937
318 1 66207500
241 1 692449359
222 1 698389738
326 1 109829285
346 1 874834761
146 1 546791900
357 1 117539590
10
13 1 345118693
132 1 323510470
355 1 373772557
117 1 331011611
232 1 350356533
51 1 374473536
226 1 385732349
122 1 353774952
245 1 294570960
236 1 311555380
10
11 1 586421765
59 1 588551595
316 1 461433755
179 1 570000392
155 1 597882889
59 1 505238206
332 1 584813281
342 1 516929335
235 1 588744855
295 1 431546366
2
141 6 999999990
5 1 42
10
224 1 356796221
103 1 352429072
319 1 457580414
75 1 424999003
328 1 521209952
106 1 464709827
205 1 398635788
69 1 367367288
65 1 422382702
254 1 492345496
10
176 1 545657092
356 1 782034930
161 1 461101616
61 1 607023286
236 1 176945740
235 1 662248781
80 1 87921505
132 1 109019080
295 1 993888553
7 1 784208114
10
246 1 305033840
233 1 300672714
190 1 357760623
298 1 361224532
292 1 365397867
304 1 357733058
64 1 316961366
306 1 349879749
241 1 278061069
21 1 326891954
10
217 1 968211753
198 1 878343789
290 1 206880879
35 1 299210936
77 1 264008786
359 1 890235590
134 1 786289927
76 1 145290010
318 1 749207052
342 1 729608783
10
210 1 136984975
315 1 72264435
192 1 197995541
96 1 861160222
84 1 14730445
64 1 947185216
61 1 478726151
171 1 566209462
156 1 121529939
179 1 367224338
10
216 1 1
359 1 1
324 1 1
288 1 1
180 1 1
144 1 1
252 1 1
72 1 1
108 1 1
36 1 1
10
172 1 998041335
185 1 284650239
186 1 81770398
208 1 388472886
307 1 862482736
13 1 621713846
220 1 748463195
296 1 30704926
145 1 747477027
259 1 952629548
10
300 1 72930
250 1 39780
139 1 19800
120 1 3315
240 1 36465
210 1 29172
190 1 25740
207 1 28600
278 1 9900
275 1 51480
10
94 1 501014565
253 1 551088952
332 1 537178999
212 1 523196511
251 1 527198526
176 1 512901044
75 1 550605372
264 1 501036494
116 1 403458071
131 1 499255848
1
263 10 999999933
10
314 1 54718775
95 1 187223498
170 1 147095528
225 1 25906004
160 1 898723470
255 1 188781787
309 1 905691318
126 1 972504359
352 1 40108848
342 1 773174751
10
197 1 418933298
2 1 383330065
221 1 369140643
216 1 344311551
256 1 388237811
20 1 444411899
123 1 347701400
203 1 412623257
270 1 363090561
351 1 395131590
10
298 1 80946037
302 1 295418584
15 1 652151742
288 1 348871377
62 1 891451113
287 1 489094627
44 1 497328586
192 1 571532292
244 1 403360059
58 1 659739202
10
236 1 885027484
147 1 352208256
290 1 245943167
151 1 152538532
86 1 501130812
249 1 28529116
312 1 809492816
154 1 808598757
277 1 48702618
335 1 650351130
10
193 1 845689964
47 1 173419697
237 1 613655222
312 1 253399233
330 1 679716008
171 1 58304128
300 1 191813196
305 1 198375197
305 1 978625673
29 1 276217625
10
335 1 909163750
338 1 393684849
355 1 919059004
230 1 480996362
104 1 818956753
301 1 401129712
336 1 144962016
65 1 762841716
80 1 531250519
140 1 854347311
10
73 1 739137743
337 1 65776391
290 1 371761687
31 1 839071011
133 1 946103537
302 1 173492754
227 1 812128668
176 1 48529088
319 1 232327584
206 1 745158095
10
199 1 591647096
71 1 185270517
261 1 110205602
223 1 921411474
277 1 783653386
247 1 587914192
231 1 240333472
58 1 394867266
1 1 67993517
181 1 27712962
10
56 1 529028567
131 1 582184571
183 1 573349915
183 1 420819998
107 1 449205912
65 1 430182750
232 1 479990568
53 1 606398716
103 1 569711374
253 1 522691948
10
102 1 403625420
119 1 437975140
83 1 311612827
258 1 450462819
102 1 344415221
146 1 378092357
43 1 432750377
74 1 352020671
117 1 365386022
340 1 385626651
10
259 1 473865547
153 1 568762029
9 1 454360917
181 1 563114755
174 1 467457735
57 1 438214480
263 1 525900841
118 1 454470190
282 1 390217519
123 1 442402037
1
180 2 1
10
346 1 340311193
263 1 81469331
137 1 27411467
344 1 411054937
46 1 568712386
264 1 219555351
331 1 927294228
209 1 859651624
5 1 849636890
143 1 177522519
10
76 1 241408335
57 1 181477564
266 1 212930203
307 1 222769719
48 1 219384219
172 1 264267941
108 1 253450218
9 1 256415697
314 1 264995552
151 1 251321344
10
87 1 310155077
22 1 384525701
132 1 304820248
140 1 338248006
114 1 353185088
146 1 326037314
145 1 317866394
188 1 434877462
280 1 310895654
19 1 406579440
10
186 1 625170581
68 1 536348836
339 1 413871830
180 1 565063694
285 1 389080887
91 1 610335800
58 1 95358650
65 1 386733240
77 1 912521287
149 1 772109939
10
315 1 83728
230 1 28980
280 1 47088
135 1 6440
40 1 11772
240 1 31395
199 1 23400
216 1 7475
35 1 11592
312 1 78495
10
169 1 333997002
39 1 321490282
52 1 341065308
138 1 357305101
282 1 344948316
84 1 325480021
39 1 406607795
7 1 375329246
45 1 392492419
280 1 351287118
10
286 1 319057527
105 1 318520037
267 1 355124046
314 1 360927620
31 1 277670483
289 1 346539763
49 1 384220806
321 1 287775632
315 1 348491736
267 1 391316755
10
30 1 551983519
345 1 982410008
52 1 731066855
1 1 478184530
41 1 924693100
234 1 95158066
308 1 348714203
341 1 232402758
97 1 50390941
310 1 63259639
1
280 1 189124047
10
264 1 882843866
195 1 246896015
188 1 341181026
208 1 271369507
112 1 950447810
139 1 208931249
184 1 32541868
58 1 46951433
309 1 356030533
269 1 597674983
2
157 1 71133
359 1 40000
10
11 1 442269491
210 1 154907821
170 1 838674703
236 1 336440996
271 1 288581206
255 1 661169259
330 1 653418946
349 1 963074226
92 1 536530400
106 1 258226042
10
97 1 284952081
116 1 228795002
162 1 256662763
13 1 284232747
37 1 276481248
333 1 229951642
104 1 203405924
253 1 269063587
107 1 233433856
241 1 213208339
10
282 1 360410861
208 1 433342518
284 1 329590056
280 1 375776860
168 1 362467870
70 1 351943376
144 1 352479609
114 1 374418213
183 1 427011701
206 1 332039435
10
183 1 356593829
257 1 283482971
277 1 324403359
229 1 374619708
328 1 262330287
291 1 290199727
9 1 321002740
8 1 270238177
99 1 269956593
324 1 278468309
10
281 1 304038658
353 1 259777027
141 1 257000315
44 1 332627873
131 1 291400894
292 1 326326020
236 1 263409926
189 1 272306895
178 1 265068079
223 1 317820552
10
124 1 18540
312 1 91170
60 1 14586
105 1 17160
222 1 5100
260 1 43758
67 1 4320
295 1 67320
306 1 81040
288 1 60775
10
45 1 226718035
329 1 215871401
277 1 287391701
110 1 279114887
128 1 237568151
96 1 310784104
16 1 244081493
276 1 274752788
231 1 286643141
200 1 260783965
10
155 1 18453016
109 1 448838337
107 1 981531718
322 1 339859175
72 1 435995584
50 1 208567331
85 1 63258347
323 1 959324274
296 1 797133923
288 1 132676960
10
97 1 316670806
246 1 429369331
195 1 331277397
121 1 418587582
85 1 415746648
171 1 400935752
83 1 341775888
251 1 390108614
316 1 355057847
148 1 323461830
10
295 1 766877418
160 1 924477972
214 1 387423302
339 1 549710037
245 1 133405874
260 1 565091167
184 1 783188694
320 1 145554618
102 1 680205005
283 1 152837140
10
70 1 13860
205 1 2520
60 1 13398
195 1 24360
108 1 15950
96 1 15225
27 1 5800
10 1 11484
215 1 27720
185 1 22968
10
315 1 361336376
100 1 195076823
235 1 623357925
112 1 468540337
167 1 761703060
281 1 20839550
47 1 40628600
34 1 528873047
250 1 872101648
299 1 50633172
10
303 1 282079582
248 1 211542325
42 1 283490218
130 1 215041386
257 1 265095643
140 1 215289613
40 1 222185512
336 1 203733083
90 1 214280357
108 1 267513394
10
317 1 410877798
206 1 494299936
89 1 518609405
219 1 435207020
104 1 392308602
78 1 406530670
190 1 516202519
108 1 544698515
113 1 462105380
348 1 538334168
10
331 1 408188804
278 1 548684233
125 1 539556866
148 1 512654569
158 1 369492424
300 1 541593209
78 1 409627613
142 1 456639252
127 1 415131212
185 1 538893990
4
358 1 12
1 1 12
359 1 12
2 1 12
2
180 1 1
180 1 100000
10
130 1 384819430
47 1 457397172
181 1 435354692
342 1 480417566
186 1 359265006
189 1 481821851
184 1 397231404
174 1 428501180
59 1 424083676
35 1 461871066
10
212 1 350590113
234 1 363279014
28 1 334337692
36 1 333993638
15 1 338226049
99 1 357096430
45 1 258864974
187 1 261486110
231 1 320813968
81 1 252211267
10
277 1 351532902
257 1 359913060
203 1 304975334
253 1 402963279
239 1 308698246
318 1 385202824
147 1 365334628
26 1 323157770
281 1 333162199
7 1 285380522
10
300 1 44491218
296 1 972589138
98 1 387335196
227 1 150596872
192 1 975400156
277 1 495028231
164 1 278055294
352 1 209754890
104 1 686532287
77 1 58457078
10
122 1 491825469
40 1 475411613
208 1 128463846
34 1 644371241
356 1 485719854
84 1 232145570
303 1 396194139
222 1 408789160
261 1 128170095
261 1 560915906
10
119 1 734076607
313 1 699294646
290 1 907520683
126 1 362760772
227 1 862094967
72 1 623837879
234 1 223982775
117 1 258719634
337 1 25496104
186 1 809912311
10
170 1 433575490
192 1 357062977
62 1 504800291
91 1 510735492
63 1 510531919
318 1 479981587
14 1 467646621
298 1 433457880
16 1 475182897
105 1 505658583
10
311 1 206963696
76 1 209517748
231 1 281177797
345 1 206647916
166 1 277155411
158 1 207450089
282 1 211596599
358 1 219576505
162 1 282558137
171 1 236706065
2
151 9 999999917
115 1 3885
10
176 1 2475
312 1 2175
195 1 24360
270 1 44664
244 1 34650
96 1 15225
260 1 40194
280 1 50238
90 1 14888
300 1 66984
10
165 1 23041
301 1 19395
329 1 20709
75 1 22744
205 1 22009
22 1 23930
61 1 25249
212 1 22746
48 1 26082
221 1 23739
10
59 1 407623786
67 1 963503580
202 1 324279513
193 1 143431517
162 1 886640041
51 1 676989121
185 1 230978170
79 1 171762184
102 1 193873903
9 1 523281478
10
30 1 210780179
309 1 183810579
118 1 199870285
70 1 176300943
18 1 216625414
261 1 177588896
298 1 204786478
261 1 234970528
220 1 173487582
105 1 214084222
10
61 1 847224575
2 1 387087407
195 1 402331391
131 1 430175968
192 1 494596153
128 1 865422651
180 1 977572309
42 1 86855417
337 1 687609337
249 1 835909263
10
70 1 67298953
268 1 462119262
142 1 308043269
241 1 211198077
55 1 117365428
335 1 371661302
155 1 157912899
299 1 296214015
140 1 95184462
165 1 62515478
10
36 1 389216700
258 1 257421511
238 1 642260757
127 1 580052473
94 1 343055117
304 1 263727085
216 1 319430436
43 1 524054934
40 1 514167621
185 1 999517492
10
308 1 567212240
259 1 86008402
330 1 81323334
29 1 798944676
261 1 233915782
309 1 544101073
212 1 560050264
239 1 873008426
327 1 279100769
229 1 502923398
10
183 1 409868754
128 1 401765327
226 1 355685390
346 1 417154067
184 1 307610133
164 1 341931567
347 1 402799487
73 1 415900370
77 1 342488199
78 1 392598498
10
27 1 375250495
325 1 733251449
74 1 474094933
343 1 130675635
80 1 67052192
5 1 442239347
97 1 779917907
233 1 377774955
125 1 723757898
330 1 323087261
10
307 1 697917999
132 1 859135345
158 1 873395325
225 1 420556771
266 1 755331114
79 1 984483608
139 1 669353858
66 1 456733743
150 1 984749196
45 1 410434356
1
11 10 1
10
181 1 300879558
170 1 322015098
70 1 306166234
139 1 363449856
244 1 278278393
329 1 286625782
181 1 315744619
65 1 307449111
324 1 373773783
346 1 363623346
10
147 1 343130795
154 1 390744737
239 1 423875649
300 1 380269415
277 1 357948487
99 1 428240941
265 1 418453357
79 1 437558501
336 1 361097325
281 1 361501699
10
308 1 72450
87 1 13800
135 1 16744
304 1 67275
84 1 13650
268 1 40950
15 1 10920
252 1 8050
300 1 4830
260 1 37674
10
241 1 456188409
223 1 544552365
151 1 420905182
171 1 419560813
274 1 365283733
195 1 876110266
259 1 537384589
151 1 841315051
151 1 829645971
50 1 143867468
10
174 1 508397732
313 1 404326502
337 1 2379815
165 1 708680065
231 1 177119288
167 1 216773336
174 1 437684945
43 1 514409566
70 1 140278797
213 1 789723687
10
346 1 422379828
167 1 353427703
303 1 368399282
1 1 372590215
168 1 334958118
198 1 397517359
250 1 435650848
37 1 404733472
333 1 302256871
206 1 347537497
10
315 1 5320
318 1 96900
170 1 21420
45 1 12920
285 1 54264
54 1 13300
255 1 38760
10 1 11628
122 1 17100
60 1 3990
10
291 1 375169228
26 1 68430905
66 1 431186216
57 1 198897158
334 1 105045032
162 1 820027765
37 1 182307085
271 1 48416618
101 1 173349962
174 1 783563965
2
51 1 471197411
356 1 400000000
10
355 1 955931073
334 1 139077478
231 1 320206646
352 1 407904422
57 1 482807092
108 1 547795585
124 1 77746695
182 1 325259502
189 1 254700779
154 1 132162626
10
85 1 738653853
3 1 987435521
231 1 621321300
152 1 451545971
70 1 906812254
76 1 58432171
298 1 163822614
292 1 716033156
219 1 29817624
92 1 624465691
10
239 1 392744107
172 1 312094950
236 1 394649051
137 1 323026979
273 1 362848855
35 1 320358525
151 1 370556190
58 1 412310865
300 1 351582866
90 1 390673313
10
33 1 209319901
359 1 947666872
96 1 525882007
38 1 205375756
213 1 858898195
320 1 547899238
107 1 768931333
182 1 448381284
316 1 352922150
300 1 100876245
