100
2
285 1 612748845
326 1 516389232
2
135 1 119733440
124 1 77746695
2
32 1 823819158
295 1 270493014
2
320 1 547899238
316 1 352922150
2
320 1 145554618
214 1 387423302
2
180 1 30
180 1 10
2
355 1 955931073
189 1 254700779
2
195 1 402331391
249 1 835909263
2
152 1 451545971
85 1 738653853
2
297 1 196543026
172 1 773216560
2
182 1 325259502
231 1 320206646
2
285 1 672354891
86 1 581345708
2
358 1 553937360
290 1 206880879
2
112 1 950447810
208 1 271369507
2
262 1 126787049
207 1 658268579
2
319 1 232327584
302 1 173492754
2
157 1 71133
359 1 40000
2
216 1 899829439
310 1 598000402
2
82 1 382459888
278 1 888115015
2
160 1 924477972
245 1 133405874
2
108 1 547795585
189 1 327116999
2
132 1 125970476
354 1 86481335
2
97 1 118218916
226 1 817154537
2
75 1 928762873
20 1 655963778
2
300 1 100876245
107 1 768931333
2
325 1 733251449
74 1 474094933
2
198 1 908438377
118 1 577509452
2
359 1 890235590
76 1 145290010
2
29 1 276217625
193 1 845689964
2
37 1 64068354
38 1 430075085
2
216 1 537277427
220 1 82307756
2
58 1 46951433
139 1 208931249
2
192 1 584596760
109 1 673019571
2
328 1 38782402
94 1 810455846
2
171 1 58304128
312 1 253399233
2
38 1 205375756
359 1 947666872
2
219 1 29817624
127 1 731729238
2
2 1 387087407
192 1 494596153
2
56 1 661561646
288 1 215133972
2
101 1 58077452
320 1 37219191
2
5 1 58169921
63 1 523892262
2
12 1 262459030
125 1 1000000000
2
231 1 621321300
3 1 987435521
2
206 1 745158095
133 1 946103537
2
352 1 407904422
154 1 132162626
2
22 1 360664298
20 1 392351696
2
33 1 209319901
182 1 448381284
2
341 1 867118189
9 1 810427151
2
77 1 264008786
256 1 602860241
2
15 1 850599240
229 1 923676908
2
35 1 820765811
337 1 687609337
2
206 1 52859131
241 1 938955946
2
264 1 286516049
213 1 804260398
2
131 1 430175968
198 1 503453554
2
213 1 858898195
215 1 8820656
2
358 1 612336470
342 1 984014370
2
269 1 597674983
195 1 246896015
2
292 1 716033156
70 1 906812254
2
260 1 807753487
50 1 341429296
2
334 1 139077478
57 1 482807092
2
246 1 872466875
26 1 260577804
2
51 1 471197411
356 1 400000000
1
180 2 1
2
297 1 403413977
165 1 61664338
2
334 1 610967841
136 1 531559311
2
116 1 620082311
76 1 58432171
2
309 1 356030533
264 1 882843866
2
263 1 942095587
212 1 961964544
2
7 1 770776838
223 1 639596735
2
124 1 60474517
255 1 470551820
2
141 1 849699234
154 1 376479662
2
180 1 1
180 1 100000
2
342 1 729608783
217 1 968211753
2
330 1 818961668
303 1 269340992
2
97 1 779917907
330 1 323087261
2
188 1 341181026
184 1 32541868
2
227 1 812128668
176 1 48529088
2
50 1 833766256
165 1 465883440
2
149 1 137144038
96 1 525882007
2
290 1 371761687
337 1 65776391
2
74 1 341074442
102 1 229925623
2
128 1 865422651
180 1 977572309
2
298 1 163822614
92 1 624465691
2
305 1 198375197
47 1 173419697
2
176 1 515118909
211 1 266398432
2
305 1 978625673
330 1 679716008
2
339 1 549710037
260 1 565091167
2
34 1 748201627
278 1 843291372
2
68 1 896894317
147 1 551601489
2
237 1 613655222
300 1 191813196
2
283 1 152837140
295 1 766877418
2
10 1 649959074
162 1 939080682
2
318 1 749207052
134 1 786289927
2
73 1 739137743
31 1 839071011
2
184 1 783188694
102 1 680205005
2
35 1 299210936
198 1 878343789
2
71 1 20631822
56 1 368750012
2
233 1 372194011
127 1 51824455
2
326 1 374058623
286 1 120061280
2
61 1 847224575
42 1 86855417
