100
2 2 2
2 1 3
4 4 1
3 2 3
5 3 5
7 2 7
5 4 15
6 12 12
5 7 7
5 6 10
8 8 8
7 14 4
10 5 20
4 3 2
7 4 7
16 8 8
2 4 4
14 7 8
6 3 20
6 6 5
5 4 4
3 1 3
2 1 4
7 7 7
4 1 4
5 10 5
6 10 3
5 3 8
8 4 4
7 14 5
12 12 2
6 6 6
4 3 3
7 5 7
3 2 2
8 10 11
10 10 10
11 11 11
5 2 20
7 3 7
6 4 9
5 10 10
3 4 4
18 15 18
5 20 1
8 16 6
17 4 5
6 6 3
5 5 6
5 5 3
2 3 3
7 1 7
5 10 7
6 4 20
18 12 15
5 20 20
7 14 20
5 2 5
7 6 7
2 1 1
19 19 19
6 18 18
19 19 10
4 2 4
5 15 2
18 6 9
6 3 8
20 17 14
18 3 6
4 4 3
6 5 5
6 18 1
5 15 3
1 1 1
19 19 1
5 20 4
5 5 1
4 4 4
20 20 20
6 9 2
2 4 1
5 10 4
5 3 20
9 9 9
13 16 10
5 20 5
18 9 12
6 3 4
10 10 1
6 20 20
10 15 5
5 4 5
20 10 16
8 7 1
3 3 4
5 2 10
5 3 10
6 4 6
5 5 5
15 10 9
