100
6 9999999
6 8168777
2 808
1 02
6 8005027
3 0001
0 1
6 0000007
6 3007001
6 2012222
6 0000081
1 27
6 3300001
6 0800801
6 2120121
6 5060031
2 301
6 0061001
4 12102
5 067387
4 11111
6 1000001
6 5000009
6 0000001
6 1112211
3 1221
1 01
6 8600111
1 22
3 7001
3 0001
6 1222111
3 0536
6 8000001
6 0006001
6 8525855
0 1
5 800006
6 0000001
6 1012001
6 3080001
6 5006001
5 000071
6 1980001
6 0300001
3 4896
6 5000021
2 001
6 2220021
6 0012101
6 9239887
6 7000706
6 0000061
6 0875856
6 3000101
1 46
6 3559221
3 0001
6 1000221
6 3395878
6 3200019
6 0221211
1 09
0 1
6 6760911
0 9
3 0004
5 110011
6 0000001
6 1220202
6 0000102
6 8585683
4 87476
5 050091
6 6094201
6 3967531
3 0001
4 06001
1 22
6 8288711
6 0000061
3 0087
2 121
0 1
1 01
6 2001202
6 2063003
1 01
6 0000001
6 0004001
6 2288089
3 0701
1 22
4 11112
6 3006091
4 11111
6 1111111
6 0000009
6 4480001
6 0000301
