2 2 2 G
2 1 3 R
4 4 1 R
3 2 3 G
1 3 1 G
3 2 2 R
1 1 4 G
2 2 4 G
1 1 3 G
4 2 4 R
3 3 3 R
4 1 2 R
2 4 3 G
3 3 2 G
1 1 1 G
2 2 3 G
3 4 4 R
1 4 1 G
1 3 3 G
1 2 3 G
2 4 1 G
2 3 4 G
3 4 3 G
4 1 1 R
1 1 2 G
3 3 1 R
2 1 2 G
3 1 1 R
1 4 3 G
4 4 2 R
4 2 3 R
3 4 1 R
2 4 2 G
2 1 1 R
2 4 4 G
1 2 1 G
4 3 4 R
4 3 2 R
2 1 4 G
4 1 3 R
3 2 4 R
4 1 4 R
4 2 1 R
4 2 2 R
1 3 4 G
1 4 2 G
2 3 2 G
4 3 1 R
4 3 3 R
1 4 4 G
3 4 2 R
1 3 2 G
3 1 3 R
4 4 3 R
2 3 3 R
3 1 4 R
3 1 2 R
3 2 1 R
1 2 2 G
3 3 4 G
2 2 1 G
2 3 1 R
1 2 4 G
4 4 4 R
