100
2
382562008710055652
124554508779797786
621392279541421396
122456786504187597
73347935012811039
77868298860334728
807495029921712378
884641749329491286
21381332574490832
444922341965583662
790936079036556942
434915668514812062
145487607486089996
950788308922581639
933612160059647561
917508850002137313
1
132652653582359511
989990307470937464
510523905673178173
734005866941881841
78891990627873833
55725425954114768
268435456
32768
236436164721454957
956527854797393196
900683371760614823
787255268602457426
924196566429589773
9397478666590673
942740829990861733
664834488169858122
972404935449220733
980204760356123881
12321329597412301
985429212391542876
566411034000587080
232819147379783748
158401371436033692
59327639913677984
13060604717068142
51024161147977610
137438953472
45437349280742274
232214399183688165
372800120418084943
954881718404154763
75097220501993099
659022686169180033
742654642436912671
903589321164655290
905168138138454259
513319364345442099
745119826961971714
564711640436290280
125983434537440825
797500591408438885
1048576
953385143366607510
99047989170156258
652012790004187261
660283424823235315
700569163189251038
198053706757929628
604330717170620369
900834541149077813
775052221113615279
785920358421776187
264896334021726801
418775851692725226
960010899855980408
385701433673033525
730151404689479497
976924932426899401
533755720130511788
658835545704312622
521099056388047608
340906632519243330
466331053006723247
144115188075855872
880365704741577455
834868104489165968
748861747892277672
634204325102328048
653009837786520290
337842401213780388
3
904541764983009392
930201083058672450
494133140522382457
10
906594949710808696
963134506223653884
955874932364432144
313183988873187446
844827745086021583
35184372088832
295630694768708763
