100
93151
41804
62671
91096
4
63786
94222
78867
43553
92578
80580
21491
77033
81137
2
91812
91394
17577
13207
88304
13746
70019
97749
48822
92276
71442
95705
35102
512
92313
89172
66321
96303
128
50810
92190
14042
32914
26329
72750
94221
14919
256
17540
41257
24106
57412
91265
4096
1
19122
1024
52382
55530
6527
2292
25891
10
91102
35372
44927
91525
93271
3
51496
95507
34453
63494
93115
90126
7955
27159
7240
89172
27673
90803
92494
89521
97487
14463
95067
91876
36629
97236
30646
758
93302
17972
94583
17275
91475
50401
29178
43501
69588
26215
1021
59768
36532
17920
