100
1
3
4
1 2 1 2
1
4
5
6 6 4 6 9
5
8 8 8 8 8
3
1 7 3
3
6 6 5
2
5 5
3
1 7 7
6
6 5 4 3 2 1
5
1 5 4 5 4
4
1 5 4 4
4
2 2 1 1
6
9 9 9 9 9 9
3
4 8 2
6
3 6 6 6 9 9
6
6 6 6 6 9 9
3
9 5 1
3
1 7 9
6
2 9 9 9 3 3
2
2 1
3
6 3 8
3
5 5 9
2
8 8
3
8 3 4
5
4 1 2 2 5
6
7 7 7 7 7 9
4
3 4 2 7
5
9 9 9 9 9
2
4 9
5
5 2 8 8 5
2
9 7
2
6 6
3
2 8 6
4
4 1 6 4
3
1 6 5
5
1 5 5 5 3
3
3 2 1
4
1 9 2 4
4
6 9 6 5
6
3 3 5 5 9 9
1
5
5
5 5 3 2 5
1
4
4
5 4 2 6
5
5 4 3 2 1
5
1 3 2 4 2
4
8 1 4 1
3
1 3 3
3
4 9 4
1
9
3
7 5 3
4
8 1 2 5
1
6
5
3 1 1 3 3
4
1 1 8 3
4
9 3 7 2
2
9 9
4
2 9 3 8
6
5 5 5 5 9 9
6
1 1 5 5 9 9
3
3 7 6
4
8 8 8 8
3
6 6 6
4
4 3 2 1
2
9 8
5
2 2 3 2 1
5
1 5 1 4 4
3
9 1 5
3
3 1 4
3
7 6 1
3
8 5 2
5
1 5 1 4 5
4
4 6 4 9
5
4 2 5 9 2
2
8 4
4
6 7 3 3
2
7 7
5
5 2 5 5 1
3
9 9 9
4
2 6 1 5
3
1 2 7
6
5 6 9 6 9 6
3
6 5 4
2
9 6
3
8 8 8
4
4 6 7 2
4
4 5 8 2
6
5 5 5 9 9 9
3
6 8 6
3
9 6 4
1
8
2
4 8
1
1
4
5 3 4 8
4
1 1 6 8
4
9 9 9 9
1
7
2
9 9
4
2 9 9 2
